0,-5975.29
1,-5975.29
2,-5975.29
3,-5921.3025
4,-5852.25
5,-5852.25
6,-5732.0041
7,-5732.0041
8,-5643.0144
9,-5548.7601
10,-5548.7601
11,-5548.7601
12,-5548.7601
13,-5459.7321
14,-5352.3856
15,-5352.3856
16,-5352.3856
17,-5352.3856
18,-5209.9524
19,-5175.3636
20,-5119.4025
21,-5004.1476
22,-4870.6441
23,-4870.6441
24,-4870.6441
25,-4870.6441
26,-4776.1921
27,-4776.1921
28,-4776.1921
29,-4776.1921
30,-4776.1921
31,-4651.24
32,-4544.1081
33,-4544.1081
34,-4544.1081
35,-4540.0644
36,-4540.0644
37,-4482.3025
38,-4482.3025
39,-4450.2241
40,-4450.2241
41,-4450.2241
42,-4323.0625
43,-4251.04
44,-4138.3489
45,-4087.0449
46,-3999.2976
47,-3999.2976
48,-3952.6369
49,-3952.6369
50,-3952.6369
51,-3952.6369
52,-3850.2025
53,-3834.0864
54,-3766.2769
55,-3691.7776
56,-3656.6209
57,-3631.2676
58,-3631.2676
59,-3539.0601
60,-3497.5396
61,-3497.5396
62,-3497.5396
63,-3497.5396
64,-3415.2336
65,-3415.2336
66,-3323.5225
67,-3323.5225
68,-3228.5124
69,-3116.9889
70,-3044.8324
71,-2985.5296
72,-2985.5296
73,-2982.2521
74,-2889.0625
75,-2787.84
76,-2787.84
77,-2784.6729
78,-2784.6729
79,-2712.3264
80,-2699.8416
81,-2699.8416
82,-2649.1609
83,-2649.1609
84,-2649.1609
85,-2649.1609
86,-2578.6084
87,-2559.3481
88,-2559.3481
89,-2559.3481
90,-2559.3481
91,-2559.3481
92,-2559.3481
93,-2559.3481
94,-2548.2304
95,-2454.2116
96,-2403.9409
97,-2373.6384
98,-2327.0976
99,-2327.0976
100,-2325.1684
101,-2323.24
102,-2323.24
103,-2323.24
104,-2261.9536
105,-2261.9536
106,-2261.9536
107,-2234.4529
108,-2234.4529
109,-2234.4529
110,-2175.2896
111,-2161.3201
112,-2096.7241
113,-2096.7241
114,-2096.7241
115,-2096.7241
116,-2096.7241
117,-2027.7009
118,-2027.7009
119,-2027.7009
120,-2027.7009
121,-2027.7009
122,-1970.4721
123,-1916.6884
124,-1916.6884
125,-1916.6884
126,-1888.7716
127,-1888.7716
128,-1888.7716
129,-1888.7716
130,-1888.7716
131,-1888.7716
132,-1879.2225
133,-1826.7076
134,-1787.5984
135,-1732.2244
136,-1699.9129
137,-1654.0489
138,-1654.0489
139,-1654.0489
140,-1646.7364
141,-1614.4324
142,-1614.4324
143,-1594.4049
144,-1594.4049
145,-1594.4049
146,-1594.4049
147,-1594.4049
148,-1588.8196
149,-1576.8841
150,-1576.8841
151,-1521.0
152,-1488.4164
153,-1458.4761
154,-1425.8176
155,-1391.29
156,-1391.29
157,-1391.29
158,-1391.29
159,-1360.1344
160,-1360.1344
161,-1360.1344
162,-1360.1344
163,-1354.24
164,-1354.24
165,-1354.24
166,-1354.24
167,-1308.9924
168,-1308.9924
169,-1308.9924
170,-1264.5136
171,-1227.8016
172,-1227.8016
173,-1227.8016
174,-1227.8016
175,-1222.2016
176,-1222.2016
177,-1221.5025
178,-1193.7025
179,-1156.6801
180,-1124.9316
181,-1124.9316
182,-1066.6756
183,-1066.6756
184,-1026.5616
185,-1026.5616
186,-1026.5616
187,-1026.5616
188,-1026.5616
189,-1026.5616
190,-1026.5616
191,-985.96
192,-985.96
193,-930.25
194,-910.2289
195,-910.2289
196,-910.2289
197,-905.4081
198,-881.4961
199,-881.4961
200,-880.9024
201,-825.9876
202,-825.9876
203,-825.9876
204,-794.1124
205,-794.1124
206,-768.3984
207,-768.3984
208,-722.5344
209,-722.5344
210,-722.5344
211,-722.5344
212,-678.0816
213,-629.0064
214,-622.0036
215,-622.0036
216,-622.0036
217,-599.7601
218,-599.7601
219,-579.8464
220,-579.8464
221,-579.8464
222,-570.7321
223,-570.7321
224,-570.7321
225,-548.4964
226,-513.9289
227,-470.0224
228,-470.0224
229,-460.5316
230,-460.5316
231,-460.5316
232,-460.5316
233,-433.4724
234,-433.4724
235,-433.4724
236,-417.7936
237,-417.7936
238,-417.7936
239,-417.7936
240,-412.9024
241,-398.0025
242,-397.6036
243,-397.6036
244,-361.7604
245,-355.6996
246,-343.3609
247,-315.0625
248,-315.0625
249,-315.0625
250,-286.2864
251,-268.6321
252,-268.6321
253,-256.6404
254,-256.6404
255,-231.6484
256,-231.6484
257,-231.6484
258,-231.6484
259,-231.6484
260,-231.6484
261,-231.6484
262,-205.9225
263,-205.9225
264,-205.9225
265,-190.9924
266,-173.9761
267,-161.7984
268,-161.7984
269,-161.7984
270,-144.9616
271,-144.9616
272,-144.9616
273,-123.21
274,-122.9881
275,-122.9881
276,-116.8561
277,-116.8561
278,-113.2096
279,-105.6784
280,-94.4784
281,-88.9249
282,-88.9249
283,-88.9249
284,-88.9249
285,-75.5161
286,-70.7281
287,-57.6081
288,-54.3169
289,-54.3169
290,-48.5809
291,-48.5809
292,-48.5809
293,-48.5809
294,-48.5809
295,-48.5809
296,-45.9684
297,-45.9684
298,-45.9684
299,-45.9684
300,-44.4889
301,-37.3321
302,-37.3321
303,-33.2929
304,-25.6036
305,-25.6036
306,-25.6036
307,-25.6036
308,-25.6036
309,-25.6036
310,-20.4304
311,-15.3664
312,-11.9716
313,-11.9716
314,-11.9716
315,-11.9716
316,-11.9716
317,-11.9716
318,-7.5625
319,-7.5625
320,-3.4596
321,-2.7556
322,-2.7556
323,-0.7569
324,-0.4624
325,-0.4624
326,-0.4624
327,-0.0784
328,-0.0256
329,-0.0256
330,-0.0121
331,-0.0121
332,-0.0121
333,-0.0121
334,-0.0121
335,-0.0009
336,-0.0009
337,-0.0009
338,-0.0009
339,-0.0009
340,-0.0009
341,-0.0009
342,-0.0009
343,-0.0001
344,-0.0001
345,-0.0001
346,-0.0001
347,-0.0001
348,-0.0001
349,-0.0001
350,-0.0001
351,-0.0001
352,-0.0001
353,-0.0001
354,-0.0001
355,-0.0001
356,-0.0001
357,-0.0001
358,-0.0001
359,-0.0001
360,-0.0001
361,-0.0001
362,-0.0001
363,-0.0001
364,-0.0001
365,-0.0001
366,-0.0001
367,-0.0001
368,-0.0001
369,-0.0001
370,-0.0001
371,-0.0001
372,-0.0001
373,-0.0001
374,-0.0001
375,-0.0001
376,-0.0001
377,-0.0001
378,-0.0001
379,-0.0001
380,-0.0001
381,-0.0001
382,-0.0001
383,-0.0001
384,-0.0001
385,-0.0001
386,-0.0001
387,-0.0001
388,-0.0001
389,-0.0001
390,-0.0001
391,-0.0001
392,-0.0001
393,-0.0001
394,-0.0001
395,-0.0001
396,-0.0001
397,-0.0001
398,-0.0001
399,-0.0001
400,-0.0001
401,-0.0001
402,-0.0001
403,-0.0001
404,-0.0001
405,-0.0001
406,-0.0001
407,-0.0001
408,-0.0001
409,-0.0001
410,-0.0001
411,-0.0001
412,-0.0001
413,-0.0001
414,-0.0001
415,-0.0001
416,-0.0001
417,-0.0001
418,-0.0001
419,-0.0001
420,-0.0001
421,-0.0001
422,-0.0001
423,-0.0001
424,-0.0001
425,-0.0001
426,-0.0001
427,-0.0001
428,-0.0001
429,-0.0001
430,-0.0001
431,-0.0001
432,-0.0001
433,-0.0001
434,-0.0001
435,-0.0001
436,-0.0001
437,-0.0001
438,-0.0001
439,-0.0001
440,-0.0001
441,-0.0001
442,-0.0001
443,-0.0001
444,-0.0001
445,-0.0001
446,-0.0001
447,-0.0001
448,-0.0001
449,-0.0001
450,-0.0001
451,-0.0001
452,-0.0001
453,-0.0001
454,-0.0001
455,-0.0001
456,-0.0001
457,-0.0001
458,-0.0001
459,-0.0001
460,-0.0001
461,-0.0001
462,-0.0001
463,-0.0001
464,-0.0001
465,-0.0001
466,-0.0001
467,-0.0001
468,-0.0001
469,-0.0001
470,-0.0001
471,-0.0001
472,-0.0001
473,-0.0001
474,-0.0001
475,-0.0001
476,-0.0001
477,-0.0001
478,-0.0001
479,-0.0001
480,-0.0001
481,-0.0001
482,-0.0001
483,-0.0001
484,-0.0001
485,-0.0001
486,-0.0001
487,-0.0001
488,-0.0001
489,-0.0001
490,-0.0001
491,-0.0001
492,-0.0001
493,-0.0001
494,-0.0001
495,-0.0001
496,-0.0001
497,-0.0001
498,-0.0001
499,-0.0001
